20
0 2140 7788 9546 2766 3154 3151 3116 6848 6982 4170 3431 3231 1384 9045 8534 3394 1458 5543 5306
2140 0 3267 7322 7184 8181 2418 8966 6587 4849 5772 5790 4595 2783 2186 3698 7170 3189 9281 7770
7788 3267 0 5766 1395 6199 1320 9368 5571 9488 1254 6162 7452 8552 6810 6585 7673 4916 7330 7026
9546 7322 5766 0 8560 9024 3034 2919 2517 9918 8436 7550 4500 9186 9483 6471 3348 1296 9283 6941
2766 7184 1395 8560 0 1102 4462 8129 4198 4303 8646 9062 9839 8239 6971 2952 2294 2264 3425 6496
3154 8181 6199 9024 1102 0 9243 9485 2906 8620 2933 3304 7228 9100 5774 6112 6272 9230 6286 4799
3151 2418 1320 3034 4462 9243 0 8355 4073 6880 6204 7256 1832 8527 2640 3288 2146 9890 3476 7785
3116 8966 9368 2919 8129 9485 8355 0 9485 7578 7137 5937 8548 8247 4478 3933 2903 8653 7129 5175
6848 6587 5571 2517 4198 2906 4073 9485 0 9920 3985 9771 4827 8308 7118 2216 5787 4422 8764 6497
6982 4849 9488 9918 4303 8620 6880 7578 9920 0 5178 2155 5794 7415 3101 2040 6787 8133 3947 6653
4170 5772 1254 8436 8646 2933 6204 7137 3985 5178 0 9535 8185 4362 8778 8492 8183 5511 9669 8810
3431 5790 6162 7550 9062 3304 7256 5937 9771 2155 9535 0 6023 2719 3679 7649 8804 2830 1505 8581
3231 4595 7452 4500 9839 7228 1832 8548 4827 5794 8185 6023 0 4117 5232 8528 7630 6200 2813 5368
1384 2783 8552 9186 8239 9100 8527 8247 8308 7415 4362 2719 4117 0 4218 2538 5826 2978 7103 7301
9045 2186 6810 9483 6971 5774 2640 4478 7118 3101 8778 3679 5232 4218 0 8188 2099 2963 9220 1667
8534 3698 6585 6471 2952 6112 3288 3933 2216 2040 8492 7649 8528 2538 8188 0 1395 5618 6310 8404
3394 7170 7673 3348 2294 6272 2146 2903 5787 6787 8183 8804 7630 5826 2099 1395 0 5908 7266 3998
1458 3189 4916 1296 2264 9230 9890 8653 4422 8133 5511 2830 6200 2978 2963 5618 5908 0 5958 2850
5543 9281 7330 9283 3425 6286 3476 7129 8764 3947 9669 1505 2813 7103 9220 6310 7266 5958 0 3464
5306 7770 7026 6941 6496 4799 7785 5175 6497 6653 8810 8581 5368 7301 1667 8404 3998 2850 3464 0
