50
0 9172 4137 4508 7383 6538 2918 8296 3482 1569 4050 6701 5617 4295 8999 5078 6783 2165 3022 8631 8932 6325 6977 9196 8638 1342 4539 2258 3232 7990 5801 5588 2517 2509 3492 9655 7558 8791 7333 2591 2107 5216 9179 9814 7644 9216 3453 9648 7112 2641
9172 0 1677 4993 7175 7093 8424 2032 5221 9807 2189 1628 2491 1151 1971 5411 4296 7720 5418 5294 5368 3802 8167 6976 1185 2961 8099 6561 2537 1481 7663 5799 5032 3701 5442 2376 7591 5443 2842 1992 6572 8473 4291 7956 7846 8194 9481 4762 8147 4781
4137 1677 0 9357 3481 2891 1339 4332 5515 9058 2978 2737 7854 8945 5934 1481 2965 3668 5223 5319 6610 9908 7273 7665 4682 5134 2359 4896 1474 4218 7431 4335 3753 5051 7430 2832 7899 4548 8442 4787 2153 2598 8472 9592 8571 8917 8371 9616 3350 8556
4508 4993 9357 0 5109 6109 9272 4165 1491 8803 8715 1991 8284 6693 9705 4471 6168 6663 4379 6584 4690 7122 8997 7099 3946 2152 1042 5482 2618 5526 5758 6403 6042 1225 1490 6064 3433 2177 5987 2544 9747 2826 2963 5167 6271 1588 6897 9532 9895 4203
7383 7175 3481 5109 0 7223 8521 8681 7718 1577 6471 8443 2052 1189 1364 5546 8260 1062 4885 6388 3792 8508 3561 1233 3350 7397 3174 8379 6580 1762 4135 5334 8666 2801 3456 9232 4971 4493 1485 4551 5579 7773 4368 1232 6316 3632 2379 2052 1799 2657
6538 7093 2891 6109 7223 0 7773 2927 4815 1039 5530 6031 3579 7303 7573 6678 9717 2978 3272 2731 3553 6950 9118 6821 2655 4647 6738 5843 7435 7097 2153 4306 2692 2697 4454 5930 6511 6221 6288 3663 9432 5118 9940 7785 2300 8310 1823 6315 3172 6728
2918 8424 1339 9272 8521 7773 0 8565 8447 2540 8067 8693 4726 9877 5285 7195 4367 8120 8193 8455 3296 1373 4124 9855 8331 8712 8158 2729 2231 4254 2305 8322 7692 6309 3829 7596 9281 6586 7201 9388 5320 1720 7360 9558 8639 5016 1057 5409 2868 8137
8296 2032 4332 4165 8681 2927 8565 0 5908 7095 9479 2993 7796 1462 1240 6897 5143 1325 8769 9645 8794 2111 4349 6782 2940 2155 7948 9829 9174 9901 8022 2322 1473 2354 4363 8356 2770 7652 1789 7932 4858 4095 4442 3779 7756 7257 1358 9930 5762 2408
3482 5221 5515 1491 7718 4815 8447 5908 0 3733 9854 9938 1237 8440 2266 1445 2430 4514 5671 1355 5435 1986 3565 4151 1420 3994 9964 6444 9032 9319 9510 1668 6565 6526 3288 6512 2009 6020 9313 2118 8084 9500 5720 9176 9137 4153 6389 2040 5804 7673
1569 9807 9058 8803 1577 1039 2540 7095 3733 0 8264 5667 6026 3412 9291 6973 9597 6002 4957 1392 5822 2677 4445 7464 1244 3322 6213 6367 3107 5649 2576 1267 8505 8550 6834 3637 7319 1622 8201 6334 7932 2892 8311 1262 6373 6855 3540 5268 4034 8073
4050 2189 2978 8715 6471 5530 8067 9479 9854 8264 0 2083 2425 6422 2652 3729 9534 4095 8316 6929 9438 5915 4750 1250 9322 4002 3165 7943 4073 7013 3134 2203 3999 5364 8053 5569 9756 2452 4425 6215 5763 5323 6203 2783 4806 9902 8671 2805 8725 3535
6701 1628 2737 1991 8443 6031 8693 2993 9938 5667 2083 0 3884 7470 5265 7553 2678 6300 6280 3734 8269 7470 9502 7320 6400 9092 9858 8411 7372 9469 6673 9209 5979 1056 8267 4330 7825 3111 7933 7189 6507 1478 3561 5422 4517 1492 3227 9988 1261 3458
5617 2491 7854 8284 2052 3579 4726 7796 1237 6026 2425 3884 0 6925 2814 9729 5754 5157 3159 1886 1734 2673 8211 8344 9556 2955 4751 3761 9154 2251 5843 4619 6908 3176 7663 1709 3289 1503 5667 3676 4428 5467 3883 8874 9416 9551 5046 1254 4869 5298
4295 1151 8945 6693 1189 7303 9877 1462 8440 3412 6422 7470 6925 0 9319 3472 8540 2635 7647 8561 8618 2594 2612 8175 3579 6147 1781 2512 4336 4852 5969 4402 3856 5372 4467 4639 4271 4690 7387 3586 5170 9396 9892 1233 9263 8845 7824 6379 1884 1728
8999 1971 5934 9705 1364 7573 5285 1240 2266 9291 2652 5265 2814 9319 0 7636 2466 5111 2334 2345 3537 2187 4321 9860 8799 7843 1144 6973 6335 7282 8444 6245 9623 6667 3494 8830 2008 5397 5238 5583 7110 8926 9628 7439 7667 4573 5613 2765 9220 2354
5078 5411 1481 4471 5546 6678 7195 6897 1445 6973 3729 7553 9729 3472 7636 0 8673 9636 1392 2059 9548 8318 5934 3651 5222 4129 5021 8476 9532 5404 9179 6011 3216 6048 6235 9527 7542 8121 3390 4427 3268 6527 1161 2771 9848 8960 5375 1492 2223 1216
6783 4296 2965 6168 8260 9717 4367 5143 2430 9597 9534 2678 5754 8540 2466 8673 0 4275 9265 7683 2277 7501 8033 3979 8696 7413 9691 5714 1506 2536 1447 9442 6090 3903 5353 8944 7943 7677 9560 4965 3551 6055 3089 4564 6936 7702 8894 2108 2628 9440
2165 7720 3668 6663 1062 2978 8120 1325 4514 6002 4095 6300 5157 2635 5111 9636 4275 0 5726 8336 7583 9171 5316 4056 7298 7699 7157 8615 9150 7691 6882 6873 5182 4887 9758 9691 1898 2768 4066 2728 1316 7752 3560 8096 5382 1523 2565 2152 9160 6037
3022 5418 5223 4379 4885 3272 8193 8769 5671 4957 8316 6280 3159 7647 2334 1392 9265 5726 0 5392 4848 5608 9532 7962 1705 6555 6096 2135 9531 2005 7385 3761 9077 7380 5531 6144 9381 8410 4881 9380 7572 8204 2834 4652 8130 6026 8919 4411 1093 5132
8631 5294 5319 6584 6388 2731 8455 9645 1355 1392 6929 3734 1886 8561 2345 2059 7683 8336 5392 0 6419 5411 3442 6014 1054 4408 6205 1569 7642 3937 7535 9327 5062 9463 7697 7423 2228 2424 2668 9302 5466 5179 1469 6101 7891 8881 3469 5826 1931 2498
8932 5368 6610 4690 3792 3553 3296 8794 5435 5822 9438 8269 1734 8618 3537 9548 2277 7583 4848 6419 0 1271 7893 1474 9766 6287 9601 2149 2413 5191 9599 9665 6802 2803 5272 7021 5076 3235 3515 9719 9867 4775 2996 9426 3235 4459 2214 4898 6689 5879
6325 3802 9908 7122 8508 6950 1373 2111 1986 2677 5915 7470 2673 2594 2187 8318 7501 9171 5608 5411 1271 0 6337 9873 2584 2942 4998 7042 8871 2629 6515 4180 3202 1740 2332 6714 5467 7819 1896 8653 4841 3186 1120 3072 7709 5080 9381 6230 2004 6056
6977 8167 7273 8997 3561 9118 4124 4349 3565 4445 4750 9502 8211 2612 4321 5934 8033 5316 9532 3442 7893 6337 0 2391 2961 8019 8022 6333 2917 3554 9432 1090 2506 7751 1725 8448 8848 5681 8477 3774 1138 7508 2867 3755 1769 8745 7600 6261 2724 4037
9196 6976 7665 7099 1233 6821 9855 6782 4151 7464 1250 7320 8344 8175 9860 3651 3979 4056 7962 6014 1474 9873 2391 0 6732 8473 2999 2341 7770 7692 9122 7156 5811 3093 8276 3561 8632 9524 1263 8160 9958 3103 5753 8007 7348 4986 1138 6883 4122 3373
8638 1185 4682 3946 3350 2655 8331 2940 1420 1244 9322 6400 9556 3579 8799 5222 8696 7298 1705 1054 9766 2584 2961 6732 0 7875 9140 9019 6483 2976 8282 6693 8371 9082 8394 4644 7924 7351 4746 1536 9154 2466 4464 2277 9040 5487 2444 2509 4100 1658
1342 2961 5134 2152 7397 4647 8712 2155 3994 3322 4002 9092 2955 6147 7843 4129 7413 7699 6555 4408 6287 2942 8019 8473 7875 0 6354 6853 4752 9904 2606 5260 5454 7558 4741 6107 1760 6603 8987 8979 1424 8291 1530 9998 7227 1369 7968 8641 9600 1087
4539 8099 2359 1042 3174 6738 8158 7948 9964 6213 3165 9858 4751 1781 1144 5021 9691 7157 6096 6205 9601 4998 8022 2999 9140 6354 0 4510 6826 1540 4263 4355 9894 4945 7497 1257 1132 6179 8850 7724 9327 9265 7997 3834 4347 5851 1787 4222 1653 1917
2258 6561 4896 5482 8379 5843 2729 9829 6444 6367 7943 8411 3761 2512 6973 8476 5714 8615 2135 1569 2149 7042 6333 2341 9019 6853 4510 0 4736 1516 4691 8432 5715 7994 6316 1125 3407 4656 2401 2403 3988 2187 7727 6936 1909 8976 4095 9213 5791 8977
3232 2537 1474 2618 6580 7435 2231 9174 9032 3107 4073 7372 9154 4336 6335 9532 1506 9150 9531 7642 2413 8871 2917 7770 6483 4752 6826 4736 0 3574 6083 6147 2070 4825 1458 3881 1226 8068 2913 8760 6019 2905 3074 5103 1843 9907 6094 6742 5054 8922
7990 1481 4218 5526 1762 7097 4254 9901 9319 5649 7013 9469 2251 4852 7282 5404 2536 7691 2005 3937 5191 2629 3554 7692 2976 9904 1540 1516 3574 0 4305 7072 8255 2131 8763 3563 2187 1640 3288 2076 3731 6737 8437 6655 6231 2095 3952 5031 6539 1403
5801 7663 7431 5758 4135 2153 2305 8022 9510 2576 3134 6673 5843 5969 8444 9179 1447 6882 7385 7535 9599 6515 9432 9122 8282 2606 4263 4691 6083 4305 0 5849 1818 6958 3665 6101 5454 9221 7442 5053 1474 8447 1567 4399 7412 7171 2802 5427 9643 3587
5588 5799 4335 6403 5334 4306 8322 2322 1668 1267 2203 9209 4619 4402 6245 6011 9442 6873 3761 9327 9665 4180 1090 7156 6693 5260 4355 8432 6147 7072 5849 0 5430 5645 1117 5565 6907 1625 7894 4340 6687 4306 8250 9956 4572 1613 2090 5156 4584 4856
2517 5032 3753 6042 8666 2692 7692 1473 6565 8505 3999 5979 6908 3856 9623 3216 6090 5182 9077 5062 6802 3202 2506 5811 8371 5454 9894 5715 2070 8255 1818 5430 0 8136 9821 9789 6408 5319 9582 4019 2902 8334 2625 3883 1214 6802 2640 6273 7453 4847
2509 3701 5051 1225 2801 2697 6309 2354 6526 8550 5364 1056 3176 5372 6667 6048 3903 4887 7380 9463 2803 1740 7751 3093 9082 7558 4945 7994 4825 2131 6958 5645 8136 0 3878 8445 6472 3568 3268 6095 4865 7787 3264 5813 5850 2011 8231 7282 4799 5859
3492 5442 7430 1490 3456 4454 3829 4363 3288 6834 8053 8267 7663 4467 3494 6235 5353 9758 5531 7697 5272 2332 1725 8276 8394 4741 7497 6316 1458 8763 3665 1117 9821 3878 0 9812 7064 5804 7758 3680 7278 4528 3624 4985 6271 6831 2426 4198 8972 6390
9655 2376 2832 6064 9232 5930 7596 8356 6512 3637 5569 4330 1709 4639 8830 9527 8944 9691 6144 7423 7021 6714 8448 3561 4644 6107 1257 1125 3881 3563 6101 5565 9789 8445 9812 0 1316 2675 1313 2621 3479 4655 1647 9736 9380 4190 2152 6899 3347 2449
7558 7591 7899 3433 4971 6511 9281 2770 2009 7319 9756 7825 3289 4271 2008 7542 7943 1898 9381 2228 5076 5467 8848 8632 7924 1760 1132 3407 1226 2187 5454 6907 6408 6472 7064 1316 0 2858 1209 3643 9790 2773 2330 9450 8369 9283 3470 9972 5611 9690
8791 5443 4548 2177 4493 6221 6586 7652 6020 1622 2452 3111 1503 4690 5397 8121 7677 2768 8410 2424 3235 7819 5681 9524 7351 6603 6179 4656 8068 1640 9221 1625 5319 3568 5804 2675 2858 0 4025 6639 1909 3601 1462 8706 6397 2226 7796 7552 3357 1898
7333 2842 8442 5987 1485 6288 7201 1789 9313 8201 4425 7933 5667 7387 5238 3390 9560 4066 4881 2668 3515 1896 8477 1263 4746 8987 8850 2401 2913 3288 7442 7894 9582 3268 7758 1313 1209 4025 0 7670 2628 4152 6217 5052 5014 8524 3469 2500 9299 9460
2591 1992 4787 2544 4551 3663 9388 7932 2118 6334 6215 7189 3676 3586 5583 4427 4965 2728 9380 9302 9719 8653 3774 8160 1536 8979 7724 2403 8760 2076 5053 4340 4019 6095 3680 2621 3643 6639 7670 0 2515 9348 2858 8234 9262 2390 9490 8916 5639 1513
2107 6572 2153 9747 5579 9432 5320 4858 8084 7932 5763 6507 4428 5170 7110 3268 3551 1316 7572 5466 9867 4841 1138 9958 9154 1424 9327 3988 6019 3731 1474 6687 2902 4865 7278 3479 9790 1909 2628 2515 0 2392 1251 4816 4433 4021 9109 5051 3727 8985
5216 8473 2598 2826 7773 5118 1720 4095 9500 2892 5323 1478 5467 9396 8926 6527 6055 7752 8204 5179 4775 3186 7508 3103 2466 8291 9265 2187 2905 6737 8447 4306 8334 7787 4528 4655 2773 3601 4152 9348 2392 0 3740 7715 2369 1095 5164 2179 9353 7325
9179 4291 8472 2963 4368 9940 7360 4442 5720 8311 6203 3561 3883 9892 9628 1161 3089 3560 2834 1469 2996 1120 2867 5753 4464 1530 7997 7727 3074 8437 1567 8250 2625 3264 3624 1647 2330 1462 6217 2858 1251 3740 0 1759 7757 9997 8258 7290 2768 7805
9814 7956 9592 5167 1232 7785 9558 3779 9176 1262 2783 5422 8874 1233 7439 2771 4564 8096 4652 6101 9426 3072 3755 8007 2277 9998 3834 6936 5103 6655 4399 9956 3883 5813 4985 9736 9450 8706 5052 8234 4816 7715 1759 0 4850 8479 6610 2008 7867 9473
7644 7846 8571 6271 6316 2300 8639 7756 9137 6373 4806 4517 9416 9263 7667 9848 6936 5382 8130 7891 3235 7709 1769 7348 9040 7227 4347 1909 1843 6231 7412 4572 1214 5850 6271 9380 8369 6397 5014 9262 4433 2369 7757 4850 0 4057 4882 9422 6184 1904
9216 8194 8917 1588 3632 8310 5016 7257 4153 6855 9902 1492 9551 8845 4573 8960 7702 1523 6026 8881 4459 5080 8745 4986 5487 1369 5851 8976 9907 2095 7171 1613 6802 2011 6831 4190 9283 2226 8524 2390 4021 1095 9997 8479 4057 0 7435 3977 8273 4362
3453 9481 8371 6897 2379 1823 1057 1358 6389 3540 8671 3227 5046 7824 5613 5375 8894 2565 8919 3469 2214 9381 7600 1138 2444 7968 1787 4095 6094 3952 2802 2090 2640 8231 2426 2152 3470 7796 3469 9490 9109 5164 8258 6610 4882 7435 0 9830 9431 3965
9648 4762 9616 9532 2052 6315 5409 9930 2040 5268 2805 9988 1254 6379 2765 1492 2108 2152 4411 5826 4898 6230 6261 6883 2509 8641 4222 9213 6742 5031 5427 5156 6273 7282 4198 6899 9972 7552 2500 8916 5051 2179 7290 2008 9422 3977 9830 0 4281 7119
7112 8147 3350 9895 1799 3172 2868 5762 5804 4034 8725 1261 4869 1884 9220 2223 2628 9160 1093 1931 6689 2004 2724 4122 4100 9600 1653 5791 5054 6539 9643 4584 7453 4799 8972 3347 5611 3357 9299 5639 3727 9353 2768 7867 6184 8273 9431 4281 0 7791
2641 4781 8556 4203 2657 6728 8137 2408 7673 8073 3535 3458 5298 1728 2354 1216 9440 6037 5132 2498 5879 6056 4037 3373 1658 1087 1917 8977 8922 1403 3587 4856 4847 5859 6390 2449 9690 1898 9460 1513 8985 7325 7805 9473 1904 4362 3965 7119 7791 0
