50
0 2850 6601 3770 3817 9361 2833 7453 7994 4404 8843 4995 9063 6713 1600 9998 8883 7715 3573 6652 8732 3780 2942 6901 4567 3706 4169 6428 2444 9698 5225 3125 1679 5225 2469 1964 8352 6137 7085 3252 4017 8387 6304 9582 7091 9156 9242 3602 6511 7457
2850 0 6574 8355 9630 8838 4752 2074 5604 2845 9912 9348 5532 1274 3384 9648 3026 6287 7359 4729 6613 5347 5921 8319 2715 8308 6663 4458 1776 4260 8252 3855 6195 4441 5799 3603 7781 7818 1395 9185 4401 8105 9812 9978 8338 8118 9905 4847 5039 2856
6601 6574 0 8480 3767 6508 2191 5294 3929 6131 3141 2291 9082 4784 9157 7232 4303 3444 5431 1961 9557 1597 5384 5534 3585 8486 3347 1538 4089 6454 3181 9268 6236 2276 1227 6041 3558 3905 6159 1454 1414 9918 9246 7468 4766 8469 2865 2837 6407 5598
3770 8355 8480 0 7642 4876 3571 6907 6891 7003 3251 4294 1648 6666 7634 3174 4961 1521 5735 8845 2394 4076 4617 4986 5916 1348 8203 5769 5338 5370 7758 7132 8811 7673 4717 1790 4419 3981 3222 4825 2663 7893 7872 7695 5005 2152 2521 8885 3224 3591
3817 9630 3767 7642 0 9467 1722 2794 3834 8135 5822 6942 6926 3993 8552 8702 5894 7373 3475 9457 9323 5227 4059 1788 6256 1163 2629 1328 8915 6625 6681 3707 2316 4598 2642 7264 1204 6693 3245 7709 2312 1157 5598 8581 7009 1669 2060 2787 7864 2779
9361 8838 6508 4876 9467 0 7757 4493 5851 4770 9555 9091 2342 9842 6087 2984 1604 4859 3837 6357 4328 1387 6642 1817 9496 5332 4004 7968 5907 1796 8775 3867 5864 7089 3078 9228 3539 2236 3023 3001 8325 7361 2687 5522 3962 6964 6542 7905 8474 1855
2833 4752 2191 3571 1722 7757 0 9456 1392 2016 8674 8799 6992 9253 2525 7721 4309 2065 6086 5302 9095 1068 6375 7053 1609 6267 3301 1922 8685 8980 1156 2891 6585 2551 4011 6344 6717 4509 1608 4766 8877 1404 6422 7449 4668 6958 4196 7710 2400 8875
7453 2074 5294 6907 2794 4493 9456 0 7287 9194 4383 3516 3941 3371 9831 3872 7439 1025 1219 5188 4803 7984 3020 5359 7547 3816 4515 6303 4728 9840 7002 8296 7903 1848 2025 9958 7151 5410 1203 6299 6384 5075 6174 5357 8183 8515 9092 9619 5510 9493
7994 5604 3929 6891 3834 5851 1392 7287 0 3194 3672 4843 2562 8994 5147 4946 7993 9540 2955 3829 4783 3072 1030 3005 5517 2764 4216 5963 3931 5976 6917 1032 5631 9750 8373 2706 9013 9122 9017 4667 5858 9950 2773 2845 6693 6656 2853 8404 5777 8086
4404 2845 6131 7003 8135 4770 2016 9194 3194 0 4606 2965 2831 7064 1627 1001 6534 3350 6108 7481 7939 3092 3732 3700 3948 7978 7240 1604 3494 8766 1593 6608 2737 9002 6880 6916 8726 5754 6599 4513 3679 2013 2296 3029 4410 5008 5644 4416 1596 8617
8843 9912 3141 3251 5822 9555 8674 4383 3672 4606 0 1772 3620 8435 7779 6717 2166 5832 3801 8697 8468 8869 7821 9586 1482 5761 7893 1308 8009 4557 9762 2423 4184 3031 9823 4363 3365 8719 7926 1913 7874 8983 7878 2562 9983 9914 1988 2503 5933 6002
4995 9348 2291 4294 6942 9091 8799 3516 4843 2965 1772 0 5195 3611 8775 9177 8660 4160 6489 9504 7585 9239 2689 4099 2598 3709 2203 1373 6725 6484 6853 8375 9257 4348 6023 7368 2983 7410 5793 9367 8791 3492 9773 1115 6409 7587 6874 6196 1978 8600
9063 5532 9082 1648 6926 2342 6992 3941 2562 2831 3620 5195 0 2867 6508 7968 6003 6728 6769 9194 9610 6538 8143 7180 7503 2740 3463 2144 5915 5415 1524 7464 6507 7866 5970 4174 6244 3045 9284 3095 1370 6272 8298 9614 2510 9891 5309 6949 7665 1545
6713 1274 4784 6666 3993 9842 9253 3371 8994 7064 8435 3611 2867 0 4693 5976 8924 5579 7125 7822 5004 7702 5501 3542 3291 1707 6354 3194 8395 2773 4903 7789 2920 7095 9244 1519 1216 6326 5317 4805 2302 9981 1510 9571 7003 4290 3014 9374 3196 7739
1600 3384 9157 7634 8552 6087 2525 9831 5147 1627 7779 8775 6508 4693 0 4971 6569 3608 2818 7395 1432 6546 8948 3838 9522 6733 4837 8900 2309 5545 5965 7466 6122 4955 9202 8465 2310 6461 5830 1282 5680 2798 8686 6079 1074 7652 1567 2109 8160 4390
9998 9648 7232 3174 8702 2984 7721 3872 4946 1001 6717 9177 7968 5976 4971 0 1005 4014 6339 5878 1289 7493 1344 1459 4757 3728 3126 5452 3565 7434 8188 8159 2430 8692 7145 5996 8906 3971 5142 1399 2036 1687 9010 4173 4493 9873 2098 6499 8651 9483
8883 3026 4303 4961 5894 1604 4309 7439 7993 6534 2166 8660 6003 8924 6569 1005 0 5060 4780 6093 2237 8863 9030 9634 4403 6755 5742 8371 8000 6465 4389 9710 4229 9693 7255 3771 1427 6521 6101 8139 2323 3116 6086 8657 6914 2206 3429 6267 9774 9131
7715 6287 3444 1521 7373 4859 2065 1025 9540 3350 5832 4160 6728 5579 3608 4014 5060 0 2383 8413 7051 3934 8801 3870 2156 1975 2030 4744 3454 2606 9619 5797 2063 4340 3684 3535 5229 1515 4610 4353 8811 9555 5439 7668 2999 5370 1230 5577 3204 7062
3573 7359 5431 5735 3475 3837 6086 1219 2955 6108 3801 6489 6769 7125 2818 6339 4780 2383 0 8525 2771 2137 4742 7666 4364 9540 1107 3983 4833 2998 3515 5035 7840 7538 8672 8530 1508 6611 6260 5964 9509 5414 9422 3878 9895 6338 9734 2646 6157 5219
6652 4729 1961 8845 9457 6357 5302 5188 3829 7481 8697 9504 9194 7822 7395 5878 6093 8413 8525 0 1526 8936 1909 4875 3811 9234 6380 1738 3753 2698 6968 4910 3853 1153 2481 3247 5999 4741 6268 2572 4276 7208 4500 9298 7876 3433 4081 2820 7357 9939
8732 6613 9557 2394 9323 4328 9095 4803 4783 7939 8468 7585 9610 5004 1432 1289 2237 7051 2771 1526 0 5243 1463 9647 4365 7202 9112 8892 4073 9492 2983 5660 8395 6233 6282 3037 8627 4238 9858 2018 4636 6972 7678 2718 1503 8135 7795 1373 1711 3955
3780 5347 1597 4076 5227 1387 1068 7984 3072 3092 8869 9239 6538 7702 6546 7493 8863 3934 2137 8936 5243 0 6037 4514 2137 7647 9114 6229 2536 2636 4190 1694 9785 1691 2068 3880 1320 8332 8170 5778 3064 7794 6552 9354 7876 5192 7751 1416 8576 9346
2942 5921 5384 4617 4059 6642 6375 3020 1030 3732 7821 2689 8143 5501 8948 1344 9030 8801 4742 1909 1463 6037 0 6600 5053 6967 7610 2671 8048 4088 6770 2062 9817 6625 1485 3514 9555 1582 4314 1115 9288 2297 5501 8075 5734 7366 3070 7752 2241 2593
6901 8319 5534 4986 1788 1817 7053 5359 3005 3700 9586 4099 7180 3542 3838 1459 9634 3870 7666 4875 9647 4514 6600 0 8342 5510 8601 7767 1563 2099 1644 5159 8130 4910 9013 1397 3234 5371 6510 4883 6901 5235 4448 1805 7495 6428 9824 3948 7432 9738
4567 2715 3585 5916 6256 9496 1609 7547 5517 3948 1482 2598 7503 3291 9522 4757 4403 2156 4364 3811 4365 2137 5053 8342 0 8469 1917 4483 3970 1190 2449 9531 2547 8934 1982 8503 4870 7981 8941 9545 9400 1192 2268 2749 1230 7778 6052 9085 2177 3445
3706 8308 8486 1348 1163 5332 6267 3816 2764 7978 5761 3709 2740 1707 6733 3728 6755 1975 9540 9234 7202 7647 6967 5510 8469 0 8098 9659 4152 7881 4901 6208 4509 8867 3412 5510 6542 5451 4999 8830 6303 4178 4137 4241 4454 8849 2709 3154 7467 9036
4169 6663 3347 8203 2629 4004 3301 4515 4216 7240 7893 2203 3463 6354 4837 3126 5742 2030 1107 6380 9112 9114 7610 8601 1917 8098 0 5418 9749 5550 2127 1988 7339 9206 2410 9578 9744 6534 3880 1778 3210 7690 2512 4851 1145 9082 3863 9679 3051 5797
6428 4458 1538 5769 1328 7968 1922 6303 5963 1604 1308 1373 2144 3194 8900 5452 8371 4744 3983 1738 8892 6229 2671 7767 4483 9659 5418 0 4283 4887 9731 3097 9276 4312 5697 8685 3035 7713 1832 5939 3360 1995 3150 2911 4995 8155 5471 4015 1026 2012
2444 1776 4089 5338 8915 5907 8685 4728 3931 3494 8009 6725 5915 8395 2309 3565 8000 3454 4833 3753 4073 2536 8048 1563 3970 4152 9749 4283 0 6587 8307 2336 5428 6169 1036 7167 7596 3881 3231 4232 7663 5931 2059 7116 6796 3648 3175 4671 9194 5747
9698 4260 6454 5370 6625 1796 8980 9840 5976 8766 4557 6484 5415 2773 5545 7434 6465 2606 2998 2698 9492 2636 4088 2099 1190 7881 5550 4887 6587 0 6699 1511 7217 1740 4785 9302 1014 4449 5174 9173 9873 7792 8094 4266 6488 7143 8789 3824 2289 3492
5225 8252 3181 7758 6681 8775 1156 7002 6917 1593 9762 6853 1524 4903 5965 8188 4389 9619 3515 6968 2983 4190 6770 1644 2449 4901 2127 9731 8307 6699 0 5026 3971 5062 3499 2466 1309 7534 6320 9093 3773 9150 9293 7820 2551 3079 1148 1978 5942 3718
3125 3855 9268 7132 3707 3867 2891 8296 1032 6608 2423 8375 7464 7789 7466 8159 9710 5797 5035 4910 5660 1694 2062 5159 9531 6208 1988 3097 2336 1511 5026 0 6389 6236 1503 9981 3067 6144 1457 8755 1460 4792 1560 6758 3783 2197 1715 8052 6073 4254
1679 6195 6236 8811 2316 5864 6585 7903 5631 2737 4184 9257 6507 2920 6122 2430 4229 2063 7840 3853 8395 9785 9817 8130 2547 4509 7339 9276 5428 7217 3971 6389 0 5287 9453 4304 7565 2185 6863 2414 6457 7329 7433 8676 7135 7893 2185 6925 4624 9281
5225 4441 2276 7673 4598 7089 2551 1848 9750 9002 3031 4348 7866 7095 4955 8692 9693 4340 7538 1153 6233 1691 6625 4910 8934 8867 9206 4312 6169 1740 5062 6236 5287 0 5946 6172 3141 1791 3705 1059 8679 5989 9879 8816 7263 2245 5999 2662 6948 3457
2469 5799 1227 4717 2642 3078 4011 2025 8373 6880 9823 6023 5970 9244 9202 7145 7255 3684 8672 2481 6282 2068 1485 9013 1982 3412 2410 5697 1036 4785 3499 1503 9453 5946 0 9109 8047 5125 7539 4912 4894 6950 8190 6151 8589 3107 4012 5268 7082 1864
1964 3603 6041 1790 7264 9228 6344 9958 2706 6916 4363 7368 4174 1519 8465 5996 3771 3535 8530 3247 3037 3880 3514 1397 8503 5510 9578 8685 7167 9302 2466 9981 4304 6172 9109 0 9401 2914 3172 4533 2204 1108 1990 4798 6799 4667 9137 3030 4854 1834
8352 7781 3558 4419 1204 3539 6717 7151 9013 8726 3365 2983 6244 1216 2310 8906 1427 5229 1508 5999 8627 1320 9555 3234 4870 6542 9744 3035 7596 1014 1309 3067 7565 3141 8047 9401 0 9685 4499 9943 3328 4721 7681 5821 5589 5964 2713 9537 5446 8160
6137 7818 3905 3981 6693 2236 4509 5410 9122 5754 8719 7410 3045 6326 6461 3971 6521 1515 6611 4741 4238 8332 1582 5371 7981 5451 6534 7713 3881 4449 7534 6144 2185 1791 5125 2914 9685 0 2742 8116 1506 8934 9803 1639 2589 4043 4380 7445 7189 4645
7085 1395 6159 3222 3245 3023 1608 1203 9017 6599 7926 5793 9284 5317 5830 5142 6101 4610 6260 6268 9858 8170 4314 6510 8941 4999 3880 1832 3231 5174 6320 1457 6863 3705 7539 3172 4499 2742 0 5177 6489 4044 8157 1951 7339 7733 2342 6549 5662 8744
3252 9185 1454 4825 7709 3001 4766 6299 4667 4513 1913 9367 3095 4805 1282 1399 8139 4353 5964 2572 2018 5778 1115 4883 9545 8830 1778 5939 4232 9173 9093 8755 2414 1059 4912 4533 9943 8116 5177 0 3680 2808 6773 2828 4040 5133 6664 9647 7555 7115
4017 4401 1414 2663 2312 8325 8877 6384 5858 3679 7874 8791 1370 2302 5680 2036 2323 8811 9509 4276 4636 3064 9288 6901 9400 6303 3210 3360 7663 9873 3773 1460 6457 8679 4894 2204 3328 1506 6489 3680 0 2857 6045 5921 8485 5740 9822 9086 7398 6238
8387 8105 9918 7893 1157 7361 1404 5075 9950 2013 8983 3492 6272 9981 2798 1687 3116 9555 5414 7208 6972 7794 2297 5235 1192 4178 7690 1995 5931 7792 9150 4792 7329 5989 6950 1108 4721 8934 4044 2808 2857 0 5481 2955 7515 1026 5506 5163 6945 9039
6304 9812 9246 7872 5598 2687 6422 6174 2773 2296 7878 9773 8298 1510 8686 9010 6086 5439 9422 4500 7678 6552 5501 4448 2268 4137 2512 3150 2059 8094 9293 1560 7433 9879 8190 1990 7681 9803 8157 6773 6045 5481 0 6953 4313 4868 9683 9430 3943 9386
9582 9978 7468 7695 8581 5522 7449 5357 2845 3029 2562 1115 9614 9571 6079 4173 8657 7668 3878 9298 2718 9354 8075 1805 2749 4241 4851 2911 7116 4266 7820 6758 8676 8816 6151 4798 5821 1639 1951 2828 5921 2955 6953 0 1083 5397 6513 5831 5855 4543
7091 8338 4766 5005 7009 3962 4668 8183 6693 4410 9983 6409 2510 7003 1074 4493 6914 2999 9895 7876 1503 7876 5734 7495 1230 4454 1145 4995 6796 6488 2551 3783 7135 7263 8589 6799 5589 2589 7339 4040 8485 7515 4313 1083 0 9942 8934 9696 8181 8870
9156 8118 8469 2152 1669 6964 6958 8515 6656 5008 9914 7587 9891 4290 7652 9873 2206 5370 6338 3433 8135 5192 7366 6428 7778 8849 9082 8155 3648 7143 3079 2197 7893 2245 3107 4667 5964 4043 7733 5133 5740 1026 4868 5397 9942 0 1028 9945 7845 9839
9242 9905 2865 2521 2060 6542 4196 9092 2853 5644 1988 6874 5309 3014 1567 2098 3429 1230 9734 4081 7795 7751 3070 9824 6052 2709 3863 5471 3175 8789 1148 1715 2185 5999 4012 9137 2713 4380 2342 6664 9822 5506 9683 6513 8934 1028 0 9947 7112 3353
3602 4847 2837 8885 2787 7905 7710 9619 8404 4416 2503 6196 6949 9374 2109 6499 6267 5577 2646 2820 1373 1416 7752 3948 9085 3154 9679 4015 4671 3824 1978 8052 6925 2662 5268 3030 9537 7445 6549 9647 9086 5163 9430 5831 9696 9945 9947 0 7018 2058
6511 5039 6407 3224 7864 8474 2400 5510 5777 1596 5933 1978 7665 3196 8160 8651 9774 3204 6157 7357 1711 8576 2241 7432 2177 7467 3051 1026 9194 2289 5942 6073 4624 6948 7082 4854 5446 7189 5662 7555 7398 6945 3943 5855 8181 7845 7112 7018 0 9325
7457 2856 5598 3591 2779 1855 8875 9493 8086 8617 6002 8600 1545 7739 4390 9483 9131 7062 5219 9939 3955 9346 2593 9738 3445 9036 5797 2012 5747 3492 3718 4254 9281 3457 1864 1834 8160 4645 8744 7115 6238 9039 9386 4543 8870 9839 3353 2058 9325 0
