50
0 7448 3973 7552 5015 3421 7751 1667 7925 2181 6037 7449 5657 8289 9212 3278 9692 8682 9659 4809 8509 8304 1262 1217 4776 9325 2999 2552 7778 5043 9109 3583 8286 2877 6891 2154 3799 5940 9871 2727 7591 8621 1928 5325 5728 4261 6186 3285 8097 7832
7448 0 4143 6238 4315 7885 8375 7066 1411 6954 3426 3324 1597 8854 1629 3147 5307 9095 4933 6734 1477 1649 8338 9060 9659 6643 7563 9629 7168 4323 1868 2819 7850 3019 4006 2557 7734 8042 9270 5158 1412 5810 3516 8295 1729 6423 2557 6935 5795 2710
3973 4143 0 3457 1071 5693 1409 9030 8773 7523 4733 8448 3327 5572 9565 3385 7754 4919 8267 1901 1344 9770 1395 4529 2465 8585 3397 5491 4738 8352 4067 8926 7247 2275 1497 9946 5590 1216 1635 1533 3762 2327 8485 3098 6864 7076 9415 1258 1364 9492
7552 6238 3457 0 2450 8175 5829 4118 4569 4376 6164 8531 2872 9460 5288 7087 3066 3547 4098 4546 9133 4026 6160 5481 8248 5736 7901 3956 9596 6887 8317 8941 6973 7749 6986 5421 6542 1247 5424 9579 5107 7669 2150 5666 8472 7635 6016 9874 5263 9943
5015 4315 1071 2450 0 3664 4689 5936 1067 4387 6820 2608 2368 5334 1949 1475 2874 8364 3829 9983 6341 4691 8266 2984 5664 1653 1186 3886 3371 8606 5684 3622 9324 5565 8586 6592 5043 1733 4549 3660 5419 3508 6956 3867 4975 2214 6714 2958 4066 1224
3421 7885 5693 8175 3664 0 4094 6521 3428 5397 7142 5178 7320 3026 9702 9682 8994 6636 4223 4656 4490 5811 5439 4532 2029 7838 5992 2099 7869 2639 1750 3798 9987 9073 7244 2783 2091 8000 8842 8933 4290 4693 5414 7499 6276 8981 8136 1858 6309 8100
7751 8375 1409 5829 4689 4094 0 9565 8940 4779 2375 8962 9496 1201 4439 6964 3603 7830 4561 7999 7949 5801 6875 6311 2084 1403 1016 7604 8819 4275 2770 9655 7766 8421 2898 5561 6835 2328 2887 9607 4233 4802 6213 8970 3495 4923 1273 7225 1623 4305
1667 7066 9030 4118 5936 6521 9565 0 5748 3538 8657 4213 5588 5510 2498 4763 3299 5322 5183 6361 5074 9157 5198 7921 4661 5449 3709 1007 2958 2896 4673 6932 8532 8318 6587 1942 6359 5027 9566 2455 5514 7236 4389 3313 8822 5150 3149 4309 3950 9108
7925 1411 8773 4569 1067 3428 8940 5748 0 3880 2891 9750 4351 3015 6303 6194 5773 6363 3795 5521 1587 9898 9431 3433 2211 4593 8887 4721 1494 4313 3595 7221 1627 3985 7250 7597 4206 1047 6838 6497 6161 6679 4020 6604 6484 1125 6529 3673 3074 3950
2181 6954 7523 4376 4387 5397 4779 3538 3880 0 5841 3881 2537 6835 6798 1878 4244 9716 2957 9049 8244 2221 5040 4018 6001 6639 6508 4288 8431 9901 7791 5169 1678 5629 8621 4460 8623 4705 2130 4784 1544 6439 3797 7974 8632 7061 6783 1273 5730 5336
6037 3426 4733 6164 6820 7142 2375 8657 2891 5841 0 7594 8972 6910 5689 4432 6054 7756 9026 9418 7464 2727 9737 3991 7805 3989 6091 3183 1206 1601 8011 5948 1463 7509 3269 5518 9903 3482 8679 9682 7550 6975 6284 6379 5096 3879 1699 4395 1812 7393
7449 3324 8448 8531 2608 5178 8962 4213 9750 3881 7594 0 9629 8442 6711 7745 6488 7607 4992 3448 1041 6557 9073 9583 7493 4043 3982 3598 6535 7006 5439 8330 4918 7950 6926 4502 2061 9825 9840 9488 9034 4193 3369 4747 6406 4520 8875 5598 4778 6126
5657 1597 3327 2872 2368 7320 9496 5588 4351 2537 8972 9629 0 9057 5607 4250 3645 9780 1576 3302 9624 8292 9045 9369 5260 4247 7585 7102 4953 1249 3168 4750 1619 1306 6548 5058 4049 7122 2134 9569 8453 2705 6871 2956 8850 4318 3108 9034 6737 8076
8289 8854 5572 9460 5334 3026 1201 5510 3015 6835 6910 8442 9057 0 7769 8285 3404 7588 6239 3457 6596 5485 8634 6542 1232 5008 1023 2845 8860 7599 5122 4155 6156 8890 8409 7658 6072 7980 1245 6941 6810 8795 2484 3114 3028 7348 4767 2261 4322 8230
9212 1629 9565 5288 1949 9702 4439 2498 6303 6798 5689 6711 5607 7769 0 4463 9787 4777 2475 1152 3930 4142 8109 5885 9272 9093 5596 4558 6037 2666 2381 3687 5831 4605 8963 5092 3751 8142 4487 3659 9013 4882 6241 2820 1415 6079 7469 3055 3433 5398
3278 3147 3385 7087 1475 9682 6964 4763 6194 1878 4432 7745 4250 8285 4463 0 7299 4864 9532 3988 9690 3179 9374 7143 8320 6038 4307 6096 2013 3514 5174 8468 2012 7833 9045 5697 4501 3171 5652 4074 8966 6883 1664 3314 4844 4322 2714 4171 8222 3035
9692 5307 7754 3066 2874 8994 3603 3299 5773 4244 6054 6488 3645 3404 9787 7299 0 9071 3715 6368 9708 1121 8550 3344 1271 7630 9670 3042 4092 6968 9455 6703 6908 4273 2617 1304 5332 9057 6500 7309 7560 3508 9216 3063 4851 9266 4802 2802 5780 9163
8682 9095 4919 3547 8364 6636 7830 5322 6363 9716 7756 7607 9780 7588 4777 4864 9071 0 5112 9402 5966 7708 5912 9974 3503 5914 7697 8900 4690 5157 4914 3830 3977 6303 3064 7564 4462 2440 4314 6224 4095 7772 4789 2095 1350 7239 9735 8311 9865 8829
9659 4933 8267 4098 3829 4223 4561 5183 3795 2957 9026 4992 1576 6239 2475 9532 3715 5112 0 3921 7424 8273 1502 4801 6972 6970 2386 8429 9589 5392 7767 7977 3967 7473 5088 2221 2471 5466 1119 4541 4507 5231 5692 9433 1726 5431 5548 4303 2393 3739
4809 6734 1901 4546 9983 4656 7999 6361 5521 9049 9418 3448 3302 3457 1152 3988 6368 9402 3921 0 6917 6740 3631 7471 3542 5929 1341 2582 8685 3534 9527 6686 5726 5566 3610 4611 4543 1236 7983 3426 2943 7474 9865 4003 1927 1003 6257 4113 2504 1702
8509 1477 1344 9133 6341 4490 7949 5074 1587 8244 7464 1041 9624 6596 3930 9690 9708 5966 7424 6917 0 8984 3044 4378 8616 9422 2391 8783 3599 2402 6098 7022 6710 6103 4301 4392 6943 6666 7732 7552 6202 4492 8769 4372 5802 4522 4994 5848 4664 3006
8304 1649 9770 4026 4691 5811 5801 9157 9898 2221 2727 6557 8292 5485 4142 3179 1121 7708 8273 6740 8984 0 2620 7688 6169 6882 2868 6052 7459 4842 9926 6557 4938 1674 6547 1066 2425 7858 1681 3034 4639 6681 2024 5706 1797 2596 5391 6837 3149 7505
1262 8338 1395 6160 8266 5439 6875 5198 9431 5040 9737 9073 9045 8634 8109 9374 8550 5912 1502 3631 3044 2620 0 6646 8894 1338 1809 2337 9715 8403 2134 1949 1720 8108 7473 5429 5108 5126 8922 7480 2423 1735 7965 3811 6695 2244 9642 8491 3567 2314
1217 9060 4529 5481 2984 4532 6311 7921 3433 4018 3991 9583 9369 6542 5885 7143 3344 9974 4801 7471 4378 7688 6646 0 6359 9357 7388 2725 1630 2142 4663 3533 7310 5874 9957 7084 9272 9045 6527 3938 9067 7618 2808 9033 6715 1917 8749 6583 3503 2502
4776 9659 2465 8248 5664 2029 2084 4661 2211 6001 7805 7493 5260 1232 9272 8320 1271 3503 6972 3542 8616 6169 8894 6359 0 7224 2382 3136 6593 5867 6848 2300 3578 6566 2122 6851 8142 4654 1720 1469 9596 4434 1594 7690 2148 6030 6878 3363 1061 3219
9325 6643 8585 5736 1653 7838 1403 5449 4593 6639 3989 4043 4247 5008 9093 6038 7630 5914 6970 5929 9422 6882 1338 9357 7224 0 4375 6854 1386 5551 7877 8909 6461 3342 6775 1436 4252 8918 4766 2408 6797 1187 2922 3105 6139 5374 4099 1791 1468 6684
2999 7563 3397 7901 1186 5992 1016 3709 8887 6508 6091 3982 7585 1023 5596 4307 9670 7697 2386 1341 2391 2868 1809 7388 2382 4375 0 2467 2169 5566 9347 3368 7061 5971 1657 3188 3840 4007 2191 7509 5071 8374 6722 3050 8753 9754 3421 1692 6924 3017
2552 9629 5491 3956 3886 2099 7604 1007 4721 4288 3183 3598 7102 2845 4558 6096 3042 8900 8429 2582 8783 6052 2337 2725 3136 6854 2467 0 4063 7811 2211 2970 6792 8464 7617 4350 7233 9637 4249 2513 1196 8144 1743 5734 3757 2820 2085 9419 9875 1996
7778 7168 4738 9596 3371 7869 8819 2958 1494 8431 1206 6535 4953 8860 6037 2013 4092 4690 9589 8685 3599 7459 9715 1630 6593 1386 2169 4063 0 4350 4240 6295 1292 2658 5151 5045 8708 3085 4188 7973 5504 3496 1804 4317 4309 7160 8996 7964 4039 1883
5043 4323 8352 6887 8606 2639 4275 2896 4313 9901 1601 7006 1249 7599 2666 3514 6968 5157 5392 3534 2402 4842 8403 2142 5867 5551 5566 7811 4350 0 9259 3861 9027 5840 5999 5307 2872 8238 7062 8762 7643 1841 8547 8718 7701 8545 9512 7733 4879 5727
9109 1868 4067 8317 5684 1750 2770 4673 3595 7791 8011 5439 3168 5122 2381 5174 9455 4914 7767 9527 6098 9926 2134 4663 6848 7877 9347 2211 4240 9259 0 1560 3082 4726 6022 8142 2706 2081 9513 1948 5123 6461 4797 2382 8915 9788 7841 9511 7032 8972
3583 2819 8926 8941 3622 3798 9655 6932 7221 5169 5948 8330 4750 4155 3687 8468 6703 3830 7977 6686 7022 6557 1949 3533 2300 8909 3368 2970 6295 3861 1560 0 8886 2560 8888 7424 7860 7204 1053 1172 5993 8729 8893 4207 2417 3573 9187 3085 8436 4343
8286 7850 7247 6973 9324 9987 7766 8532 1627 1678 1463 4918 1619 6156 5831 2012 6908 3977 3967 5726 6710 4938 1720 7310 3578 6461 7061 6792 1292 9027 3082 8886 0 8220 3377 2456 4844 9095 7271 4650 5898 7745 1417 1442 6728 7202 3146 9211 8955 2324
2877 3019 2275 7749 5565 9073 8421 8318 3985 5629 7509 7950 1306 8890 4605 7833 4273 6303 7473 5566 6103 1674 8108 5874 6566 3342 5971 8464 2658 5840 4726 2560 8220 0 9373 1696 1018 4908 1221 8343 8111 8965 6523 3379 5599 5626 3639 1796 8929 8364
6891 4006 1497 6986 8586 7244 2898 6587 7250 8621 3269 6926 6548 8409 8963 9045 2617 3064 5088 3610 4301 6547 7473 9957 2122 6775 1657 7617 5151 5999 6022 8888 3377 9373 0 5582 1445 6360 5688 5956 4807 9032 9815 3273 4486 7189 5703 4262 2748 1068
2154 2557 9946 5421 6592 2783 5561 1942 7597 4460 5518 4502 5058 7658 5092 5697 1304 7564 2221 4611 4392 1066 5429 7084 6851 1436 3188 4350 5045 5307 8142 7424 2456 1696 5582 0 7573 4787 1673 9455 3665 8777 9240 9207 1408 8077 4200 1878 2241 1101
3799 7734 5590 6542 5043 2091 6835 6359 4206 8623 9903 2061 4049 6072 3751 4501 5332 4462 2471 4543 6943 2425 5108 9272 8142 4252 3840 7233 8708 2872 2706 7860 4844 1018 1445 7573 0 8824 3043 2281 5251 3661 2757 3357 9630 7039 5554 5639 9385 4458
5940 8042 1216 1247 1733 8000 2328 5027 1047 4705 3482 9825 7122 7980 8142 3171 9057 2440 5466 1236 6666 7858 5126 9045 4654 8918 4007 9637 3085 8238 2081 7204 9095 4908 6360 4787 8824 0 9587 2484 6274 5699 7857 7116 2428 8359 9474 6232 5039 8172
9871 9270 1635 5424 4549 8842 2887 9566 6838 2130 8679 9840 2134 1245 4487 5652 6500 4314 1119 7983 7732 1681 8922 6527 1720 4766 2191 4249 4188 7062 9513 1053 7271 1221 5688 1673 3043 9587 0 6985 4524 3060 1605 2862 5530 7761 9585 7761 5698 6597
2727 5158 1533 9579 3660 8933 9607 2455 6497 4784 9682 9488 9569 6941 3659 4074 7309 6224 4541 3426 7552 3034 7480 3938 1469 2408 7509 2513 7973 8762 1948 1172 4650 8343 5956 9455 2281 2484 6985 0 8498 8976 8888 2653 9980 5262 6825 1658 7286 4725
7591 1412 3762 5107 5419 4290 4233 5514 6161 1544 7550 9034 8453 6810 9013 8966 7560 4095 4507 2943 6202 4639 2423 9067 9596 6797 5071 1196 5504 7643 5123 5993 5898 8111 4807 3665 5251 6274 4524 8498 0 5174 4148 5279 6566 9184 7831 4196 7856 3140
8621 5810 2327 7669 3508 4693 4802 7236 6679 6439 6975 4193 2705 8795 4882 6883 3508 7772 5231 7474 4492 6681 1735 7618 4434 1187 8374 8144 3496 1841 6461 8729 7745 8965 9032 8777 3661 5699 3060 8976 5174 0 5570 8582 8936 5014 9658 6060 9778 1848
1928 3516 8485 2150 6956 5414 6213 4389 4020 3797 6284 3369 6871 2484 6241 1664 9216 4789 5692 9865 8769 2024 7965 2808 1594 2922 6722 1743 1804 8547 4797 8893 1417 6523 9815 9240 2757 7857 1605 8888 4148 5570 0 7473 3747 9519 5961 1759 8430 3564
5325 8295 3098 5666 3867 7499 8970 3313 6604 7974 6379 4747 2956 3114 2820 3314 3063 2095 9433 4003 4372 5706 3811 9033 7690 3105 3050 5734 4317 8718 2382 4207 1442 3379 3273 9207 3357 7116 2862 2653 5279 8582 7473 0 8219 1637 5256 9257 6407 2145
5728 1729 6864 8472 4975 6276 3495 8822 6484 8632 5096 6406 8850 3028 1415 4844 4851 1350 1726 1927 5802 1797 6695 6715 2148 6139 8753 3757 4309 7701 8915 2417 6728 5599 4486 1408 9630 2428 5530 9980 6566 8936 3747 8219 0 7746 3211 4495 1247 1147
4261 6423 7076 7635 2214 8981 4923 5150 1125 7061 3879 4520 4318 7348 6079 4322 9266 7239 5431 1003 4522 2596 2244 1917 6030 5374 9754 2820 7160 8545 9788 3573 7202 5626 7189 8077 7039 8359 7761 5262 9184 5014 9519 1637 7746 0 7883 5473 8236 7231
6186 2557 9415 6016 6714 8136 1273 3149 6529 6783 1699 8875 3108 4767 7469 2714 4802 9735 5548 6257 4994 5391 9642 8749 6878 4099 3421 2085 8996 9512 7841 9187 3146 3639 5703 4200 5554 9474 9585 6825 7831 9658 5961 5256 3211 7883 0 8793 2193 3255
3285 6935 1258 9874 2958 1858 7225 4309 3673 1273 4395 5598 9034 2261 3055 4171 2802 8311 4303 4113 5848 6837 8491 6583 3363 1791 1692 9419 7964 7733 9511 3085 9211 1796 4262 1878 5639 6232 7761 1658 4196 6060 1759 9257 4495 5473 8793 0 6035 4722
8097 5795 1364 5263 4066 6309 1623 3950 3074 5730 1812 4778 6737 4322 3433 8222 5780 9865 2393 2504 4664 3149 3567 3503 1061 1468 6924 9875 4039 4879 7032 8436 8955 8929 2748 2241 9385 5039 5698 7286 7856 9778 8430 6407 1247 8236 2193 6035 0 3689
7832 2710 9492 9943 1224 8100 4305 9108 3950 5336 7393 6126 8076 8230 5398 3035 9163 8829 3739 1702 3006 7505 2314 2502 3219 6684 3017 1996 1883 5727 8972 4343 2324 8364 1068 1101 4458 8172 6597 4725 3140 1848 3564 2145 1147 7231 3255 4722 3689 0
