20
0 9215 3956 4063 6540 1157 4205 3638 5895 1264 6340 2240 4441 9802 1359 2167 3067 6563 1789 3125
9215 0 9029 2735 9599 5789 4382 9412 6326 2511 5342 5455 5395 8782 6225 3149 5539 4039 8221 1688
3956 9029 0 2088 8940 4135 2399 1102 6274 4310 7409 8575 8482 7928 7354 8982 4351 1009 1936 7165
4063 2735 2088 0 6756 9496 5058 8580 4785 9929 4453 1598 8481 9461 3356 2824 6917 2292 8523 7772
6540 9599 8940 6756 0 9895 9143 8043 8865 8841 3257 1012 4677 6161 2895 7859 9568 6554 4540 2116
1157 5789 4135 9496 9895 0 4805 4808 7392 4798 2458 7789 7269 1593 4234 8928 2209 2263 4887 9938
4205 4382 2399 5058 9143 4805 0 4470 6828 6707 4571 8213 6747 3236 4967 6744 8571 9296 9917 6365
3638 9412 1102 8580 8043 4808 4470 0 8273 2719 4318 5263 8067 2437 2544 3774 1310 9244 6747 4374
5895 6326 6274 4785 8865 7392 6828 8273 0 9839 3535 2695 3219 1322 9641 3442 1812 6289 1462 1658
1264 2511 4310 9929 8841 4798 6707 2719 9839 0 7433 8906 6158 7004 4013 8425 3621 5939 8361 6112
6340 5342 7409 4453 3257 2458 4571 4318 3535 7433 0 7177 9535 1330 8272 6786 8985 3289 2244 8184
2240 5455 8575 1598 1012 7789 8213 5263 2695 8906 7177 0 8744 9371 1178 6141 2881 6926 5581 7914
4441 5395 8482 8481 4677 7269 6747 8067 3219 6158 9535 8744 0 2192 9881 7885 2416 3086 9253 5108
9802 8782 7928 9461 6161 1593 3236 2437 1322 7004 1330 9371 2192 0 8540 5244 4267 8868 5191 7396
1359 6225 7354 3356 2895 4234 4967 2544 9641 4013 8272 1178 9881 8540 0 9112 8764 6525 5029 1671
2167 3149 8982 2824 7859 8928 6744 3774 3442 8425 6786 6141 7885 5244 9112 0 7479 1883 6016 5072
3067 5539 4351 6917 9568 2209 8571 1310 1812 3621 8985 2881 2416 4267 8764 7479 0 1255 3003 2623
6563 4039 1009 2292 6554 2263 9296 9244 6289 5939 3289 6926 3086 8868 6525 1883 1255 0 8072 6811
1789 8221 1936 8523 4540 4887 9917 6747 1462 8361 2244 5581 9253 5191 5029 6016 3003 8072 0 9893
3125 1688 7165 7772 2116 9938 6365 4374 1658 6112 8184 7914 5108 7396 1671 5072 2623 6811 9893 0
