25
0 8387 2385 4772 7040 5335 6306 8304 3196 7209 4494 4072 5834 5311 5026 4507 2292 6372 3051 8344 2860 1842 5946 3484 8352
8387 0 6673 5716 3431 8293 8017 7579 4096 8894 7012 8946 5296 2614 2693 3721 8164 2913 6568 1071 4091 5619 8596 1935 2163
2385 6673 0 8440 7639 2606 4418 4265 1809 8987 8642 2788 6113 6254 2626 8237 1914 4415 7048 8647 2495 4267 5265 4087 6061
4772 5716 8440 0 2850 8885 6878 4489 1890 3405 6802 4721 3927 4158 6271 7893 5986 5356 8224 5148 8335 3944 5458 4645 3084
7040 3431 7639 2850 0 8057 5390 8547 7403 5022 2881 5955 5255 7226 7386 4409 7043 2299 6838 6078 5449 6729 7228 8265 1868
5335 8293 2606 8885 8057 0 8092 5198 6259 1662 3183 1788 6950 4312 6272 4968 8443 7979 4824 4120 2129 7609 2441 6158 7684
6306 8017 4418 6878 5390 8092 0 4353 4067 8864 6915 6729 4505 7926 3578 1830 2143 6824 3104 7965 2576 5829 8444 8539 3564
8304 7579 4265 4489 8547 5198 4353 0 8170 2441 6448 7723 6172 2449 7936 6523 7506 8159 2631 2308 7234 2790 2893 5773 3736
3196 4096 1809 1890 7403 6259 4067 8170 0 3840 1907 4192 8430 4042 5391 7933 2341 5912 1374 4232 8261 3328 6379 6877 6425
7209 8894 8987 3405 5022 1662 8864 2441 3840 0 7731 7103 3236 3769 8235 6993 6435 4285 1165 6459 4212 3341 6019 1100 2019
4494 7012 8642 6802 2881 3183 6915 6448 1907 7731 0 1419 7588 7176 2243 4211 3625 7242 1501 3414 2432 6053 7454 8545 1076
4072 8946 2788 4721 5955 1788 6729 7723 4192 7103 1419 0 3216 4599 6278 7618 4735 6989 8881 4801 5035 7930 1613 2652 5809
5834 5296 6113 3927 5255 6950 4505 6172 8430 3236 7588 3216 0 6774 3765 6531 8886 3277 3644 3200 4705 1494 1043 3596 6871
5311 2614 6254 4158 7226 4312 7926 2449 4042 3769 7176 4599 6774 0 7294 8065 6738 6656 4654 1266 3053 2516 1110 5690 3050
5026 2693 2626 6271 7386 6272 3578 7936 5391 8235 2243 6278 3765 7294 0 6471 8609 3525 3306 5824 1293 2457 3960 2901 3852
4507 3721 8237 7893 4409 4968 1830 6523 7933 6993 4211 7618 6531 8065 6471 0 3425 6704 6285 1423 1934 6505 1789 1347 3828
2292 8164 1914 5986 7043 8443 2143 7506 2341 6435 3625 4735 8886 6738 8609 3425 0 8281 7363 3226 3333 1174 7870 1334 3831
6372 2913 4415 5356 2299 7979 6824 8159 5912 4285 7242 6989 3277 6656 3525 6704 8281 0 2931 4242 8232 6200 3592 3708 7830
3051 6568 7048 8224 6838 4824 3104 2631 1374 1165 1501 8881 3644 4654 3306 6285 7363 2931 0 6022 2049 1039 8132 5131 8483
8344 1071 8647 5148 6078 4120 7965 2308 4232 6459 3414 4801 3200 1266 5824 1423 3226 4242 6022 0 5421 8720 5913 5013 7477
2860 4091 2495 8335 5449 2129 2576 7234 8261 4212 2432 5035 4705 3053 1293 1934 3333 8232 2049 5421 0 5801 1266 1757 7086
1842 5619 4267 3944 6729 7609 5829 2790 3328 3341 6053 7930 1494 2516 2457 6505 1174 6200 1039 8720 5801 0 6797 8660 6548
5946 8596 5265 5458 7228 2441 8444 2893 6379 6019 7454 1613 1043 1110 3960 1789 7870 3592 8132 5913 1266 6797 0 4049 7214
3484 1935 4087 4645 8265 6158 8539 5773 6877 1100 8545 2652 3596 5690 2901 1347 1334 3708 5131 5013 1757 8660 4049 0 7255
8352 2163 6061 3084 1868 7684 3564 3736 6425 2019 1076 5809 6871 3050 3852 3828 3831 7830 8483 7477 7086 6548 7214 7255 0
