20
0 8925 5612 5348 1538 5834 1023 1958 2880 7957 5554 8725 5308 8680 7822 5885 5858 8660 4340 9552
8925 0 4649 6513 5004 7220 6556 2113 8986 4100 3462 8875 3884 8550 9892 2863 5769 4183 2230 6845
5612 4649 0 1851 3163 4731 3504 1082 7854 9735 6157 5604 4652 4628 8804 2165 1226 3449 4693 4646
5348 6513 1851 0 1820 6934 7118 8257 4142 6708 5237 6306 2715 9028 2508 1282 1375 4011 6880 7561
1538 5004 3163 1820 0 3314 2075 8437 1584 5405 5844 5858 1152 8544 3782 8852 9553 4170 3643 3324
5834 7220 4731 6934 3314 0 3789 2267 8953 1402 4406 5301 6871 3024 7206 3532 6937 9693 5910 2137
1023 6556 3504 7118 2075 3789 0 5558 4614 9498 5625 8351 1199 4022 1774 1596 9836 8259 4489 1948
1958 2113 1082 8257 8437 2267 5558 0 9454 2583 9631 2169 4544 7440 9004 7646 7181 9430 7073 1412
2880 8986 7854 4142 1584 8953 4614 9454 0 7562 4980 9721 1701 4582 4815 8932 5100 9223 8160 5131
7957 4100 9735 6708 5405 1402 9498 2583 7562 0 2705 7248 5217 5014 6370 7154 3090 2023 4182 1770
5554 3462 6157 5237 5844 4406 5625 9631 4980 2705 0 3478 3711 2622 6104 1148 5396 5406 1211 5767
8725 8875 5604 6306 5858 5301 8351 2169 9721 7248 3478 0 8294 4128 7653 5421 4423 8984 3475 7038
5308 3884 4652 2715 1152 6871 1199 4544 1701 5217 3711 8294 0 2617 3602 4922 5649 3324 4714 3587
8680 8550 4628 9028 8544 3024 4022 7440 4582 5014 2622 4128 2617 0 2472 8367 7717 4269 5180 5533
7822 9892 8804 2508 3782 7206 1774 9004 4815 6370 6104 7653 3602 2472 0 1646 9232 4213 8547 4455
5885 2863 2165 1282 8852 3532 1596 7646 8932 7154 1148 5421 4922 8367 1646 0 4385 4798 5767 6972
5858 5769 1226 1375 9553 6937 9836 7181 5100 3090 5396 4423 5649 7717 9232 4385 0 8784 6227 6141
8660 4183 3449 4011 4170 9693 8259 9430 9223 2023 5406 8984 3324 4269 4213 4798 8784 0 3593 2507
4340 2230 4693 6880 3643 5910 4489 7073 8160 4182 1211 3475 4714 5180 8547 5767 6227 3593 0 1648
9552 6845 4646 7561 3324 2137 1948 1412 5131 1770 5767 7038 3587 5533 4455 6972 6141 2507 1648 0
